4 6 7

0 0 0 0 0 0
0 0 0 0 0 0 0
4
1 4
1 5
1 6
2 2

0 0 0 0 0 0
0 0 0 0 0 0 0
5
4 2
4 4
5 1
5 2
5 3

0 0 0 0 0 0
0 0 0 0 0 0 0
14
0 2
0 3
0 4
1 0
1 1
1 2
2 0
2 1
2 4
2 6
3 2
4 1
4 6
5 5

0 0 0 0 0 0
0 0 0 0 0 0 0
5
1 3
3 1
3 3
3 5
4 3

0

0 5 6
0 0 0 0 0 0
0 0 0 0 0 0
0 0 0 0 0 0
0 0 0 0 0 0
0 1 0 0 0 0

0 5 6
1 1 1 1 1 1
1 1 1 1 1 1
1 1 0 1 1 1
1 1 1 1 1 1
1 1 1 1 1 1

0 5 6
0 0 1 0 0 0
0 1 0 1 0 0
0 1 1 1 0 0
1 0 0 0 1 0
0 1 1 1 0 0

0 5 6
1 0 1 1 1 0
1 0 1 0 0 0
1 1 1 1 1 0
0 0 1 0 1 0
1 1 1 0 1 0

0 5 6
0 0 0 0 0 0
0 0 0 1 0 0
0 0 0 1 0 0
0 0 0 1 0 0
0 0 0 1 0 0

0 5 6
0 0 0 0 0 0
0 0 0 0 0 0
0 1 0 0 0 0
0 0 1 0 0 0
0 1 0 0 0 0

0 5 5
0 0 0 0 0
0 0 0 0 0
0 1 1 0 0
0 1 1 0 0
0 0 0 0 0

